398509
398925
372466
374568
371510
382263
358018
366528
330135
385394 	
389920
398909
403313
397302
375576
403190
377293
382839
398436
396619
291245
380853
395642
403754
400021
387951
374017
403900
402561
366600
401114
403605
403221
402073
389663
395551
395839
397704
402638
391344
403111
357861
402309
379426
389478
383309
401709
401633
390787
385123
336612
393695
396418
373814
368187
380258
395084
380064
395513
345608
386804
366606
372448
373015
394013
396318
378907
379806
348954
366080
378408
338470

369860
374310
363069
351366
381213
364975
377981
374461
330117
361133
325965
378873
360065
364838
376862
394386
386994
348560
221172
382151
355750
379557
386698
384349
378184
349144
376302
394395
88382
390398
366991
345951
359059
387714
383793
385128
392457
346009
387978
395386
390537
380321
387291
397285
384354
348940
385125
377085
357282
365607
355426
386997
338450
377519
392538
378105
396528
368708
380931
383403
383832
377906
375401
361580
348885
375734
385618
379094
378672
394958
379144
363807
379216
386743
395329
391957
356457
388617
397029
398666
385302
374894
392149
396035
395455
396271
384835
317207
370430
317465
372247
387475
384351
148574
355010
401632
360468
387234
395980
393162
375744
385548
392690
391780
378495
400048
395601
347140
387876
359778
352938
402429
384344
397960
391481
402322
364843
372393
384548
345932
398814
375393
174689
383914
345939
317208
376896
348429
371598
385565
361469
383654
398647
388482
389442
399100
394394
400263
379212
384308
403646
401735
355946
380233
377999
398027
395205
381487
373294
392876
359597
369796
340695
379720
393391
379992
389620
390376
391914
379719
380138
388918
379257
244316
387821
366602
366364
385015
348250
378517
383746
379162

384009
389129
378939
378861
357652
385987
370615
388625
378815
390980
366543
376474
378849
378811
344638
393171
382625
394036
404059
364046
362420

